0 0.5 0
0 0.5 1e-04
0 0.5 0.001
0 0.5 0.01
0 0.5 0.025
0 0.5 0.05
0 0.5 0.075
0 0.5 0.1
0 0.5 0.2
0 0.5 0.4
0 0.5 0.5
0 0.6 0
0 0.6 1e-04
0 0.6 0.001
0 0.6 0.01
0 0.6 0.025
0 0.6 0.05
0 0.6 0.075
0 0.6 0.1
0 0.6 0.2
0 0.6 0.4
0 0.6 0.5
0 0.7 0
0 0.7 1e-04
0 0.7 0.001
0 0.7 0.01
0 0.7 0.025
0 0.7 0.05
0 0.7 0.075
0 0.7 0.1
0 0.7 0.2
0 0.7 0.4
0 0.7 0.5
0 0.8 0
0 0.8 1e-04
0 0.8 0.001
0 0.8 0.01
0 0.8 0.025
0 0.8 0.05
0 0.8 0.075
0 0.8 0.1
0 0.8 0.2
0 0.8 0.4
0 0.8 0.5
0 0.9 0
0 0.9 1e-04
0 0.9 0.001
0 0.9 0.01
0 0.9 0.025
0 0.9 0.05
0 0.9 0.075
0 0.9 0.1
0 0.9 0.2
0 0.9 0.4
0 0.9 0.5
0 0.99 0
0 0.99 1e-04
0 0.99 0.001
0 0.99 0.01
0 0.99 0.025
0 0.99 0.05
0 0.99 0.075
0 0.99 0.1
0 0.99 0.2
0 0.99 0.4
0 0.99 0.5
0 1 0
0 1 1e-04
0 1 0.001
0 1 0.01
0 1 0.025
0 1 0.05
0 1 0.075
0 1 0.1
0 1 0.2
0 1 0.4
0 1 0.5
0.1 0.5 0
0.1 0.5 1e-04
0.1 0.5 0.001
0.1 0.5 0.01
0.1 0.5 0.025
0.1 0.5 0.05
0.1 0.5 0.075
0.1 0.5 0.1
0.1 0.5 0.2
0.1 0.5 0.4
0.1 0.5 0.5
0.1 0.6 0
0.1 0.6 1e-04
0.1 0.6 0.001
0.1 0.6 0.01
0.1 0.6 0.025
0.1 0.6 0.05
0.1 0.6 0.075
0.1 0.6 0.1
0.1 0.6 0.2
0.1 0.6 0.4
0.1 0.6 0.5
0.1 0.7 0
0.1 0.7 1e-04
0.1 0.7 0.001
0.1 0.7 0.01
0.1 0.7 0.025
0.1 0.7 0.05
0.1 0.7 0.075
0.1 0.7 0.1
0.1 0.7 0.2
0.1 0.7 0.4
0.1 0.7 0.5
0.1 0.8 0
0.1 0.8 1e-04
0.1 0.8 0.001
0.1 0.8 0.01
0.1 0.8 0.025
0.1 0.8 0.05
0.1 0.8 0.075
0.1 0.8 0.1
0.1 0.8 0.2
0.1 0.8 0.4
0.1 0.8 0.5
0.1 0.9 0
0.1 0.9 1e-04
0.1 0.9 0.001
0.1 0.9 0.01
0.1 0.9 0.025
0.1 0.9 0.05
0.1 0.9 0.075
0.1 0.9 0.1
0.1 0.9 0.2
0.1 0.9 0.4
0.1 0.9 0.5
0.1 0.99 0
0.1 0.99 1e-04
0.1 0.99 0.001
0.1 0.99 0.01
0.1 0.99 0.025
0.1 0.99 0.05
0.1 0.99 0.075
0.1 0.99 0.1
0.1 0.99 0.2
0.1 0.99 0.4
0.1 0.99 0.5
0.1 1 0
0.1 1 1e-04
0.1 1 0.001
0.1 1 0.01
0.1 1 0.025
0.1 1 0.05
0.1 1 0.075
0.1 1 0.1
0.1 1 0.2
0.1 1 0.4
0.1 1 0.5
0.2 0.5 0
0.2 0.5 1e-04
0.2 0.5 0.001
0.2 0.5 0.01
0.2 0.5 0.025
0.2 0.5 0.05
0.2 0.5 0.075
0.2 0.5 0.1
0.2 0.5 0.2
0.2 0.5 0.4
0.2 0.5 0.5
0.2 0.6 0
0.2 0.6 1e-04
0.2 0.6 0.001
0.2 0.6 0.01
0.2 0.6 0.025
0.2 0.6 0.05
0.2 0.6 0.075
0.2 0.6 0.1
0.2 0.6 0.2
0.2 0.6 0.4
0.2 0.6 0.5
0.2 0.7 0
0.2 0.7 1e-04
0.2 0.7 0.001
0.2 0.7 0.01
0.2 0.7 0.025
0.2 0.7 0.05
0.2 0.7 0.075
0.2 0.7 0.1
0.2 0.7 0.2
0.2 0.7 0.4
0.2 0.7 0.5
0.2 0.8 0
0.2 0.8 1e-04
0.2 0.8 0.001
0.2 0.8 0.01
0.2 0.8 0.025
0.2 0.8 0.05
0.2 0.8 0.075
0.2 0.8 0.1
0.2 0.8 0.2
0.2 0.8 0.4
0.2 0.8 0.5
0.2 0.9 0
0.2 0.9 1e-04
0.2 0.9 0.001
0.2 0.9 0.01
0.2 0.9 0.025
0.2 0.9 0.05
0.2 0.9 0.075
0.2 0.9 0.1
0.2 0.9 0.2
0.2 0.9 0.4
0.2 0.9 0.5
0.2 0.99 0
0.2 0.99 1e-04
0.2 0.99 0.001
0.2 0.99 0.01
0.2 0.99 0.025
0.2 0.99 0.05
0.2 0.99 0.075
0.2 0.99 0.1
0.2 0.99 0.2
0.2 0.99 0.4
0.2 0.99 0.5
0.2 1 0
0.2 1 1e-04
0.2 1 0.001
0.2 1 0.01
0.2 1 0.025
0.2 1 0.05
0.2 1 0.075
0.2 1 0.1
0.2 1 0.2
0.2 1 0.4
0.2 1 0.5
0.3 0.5 0
0.3 0.5 1e-04
0.3 0.5 0.001
0.3 0.5 0.01
0.3 0.5 0.025
0.3 0.5 0.05
0.3 0.5 0.075
0.3 0.5 0.1
0.3 0.5 0.2
0.3 0.5 0.4
0.3 0.5 0.5
0.3 0.6 0
0.3 0.6 1e-04
0.3 0.6 0.001
0.3 0.6 0.01
0.3 0.6 0.025
0.3 0.6 0.05
0.3 0.6 0.075
0.3 0.6 0.1
0.3 0.6 0.2
0.3 0.6 0.4
0.3 0.6 0.5
0.3 0.7 0
0.3 0.7 1e-04
0.3 0.7 0.001
0.3 0.7 0.01
0.3 0.7 0.025
0.3 0.7 0.05
0.3 0.7 0.075
0.3 0.7 0.1
0.3 0.7 0.2
0.3 0.7 0.4
0.3 0.7 0.5
0.3 0.8 0
0.3 0.8 1e-04
0.3 0.8 0.001
0.3 0.8 0.01
0.3 0.8 0.025
0.3 0.8 0.05
0.3 0.8 0.075
0.3 0.8 0.1
0.3 0.8 0.2
0.3 0.8 0.4
0.3 0.8 0.5
0.3 0.9 0
0.3 0.9 1e-04
0.3 0.9 0.001
0.3 0.9 0.01
0.3 0.9 0.025
0.3 0.9 0.05
0.3 0.9 0.075
0.3 0.9 0.1
0.3 0.9 0.2
0.3 0.9 0.4
0.3 0.9 0.5
0.3 0.99 0
0.3 0.99 1e-04
0.3 0.99 0.001
0.3 0.99 0.01
0.3 0.99 0.025
0.3 0.99 0.05
0.3 0.99 0.075
0.3 0.99 0.1
0.3 0.99 0.2
0.3 0.99 0.4
0.3 0.99 0.5
0.3 1 0
0.3 1 1e-04
0.3 1 0.001
0.3 1 0.01
0.3 1 0.025
0.3 1 0.05
0.3 1 0.075
0.3 1 0.1
0.3 1 0.2
0.3 1 0.4
0.3 1 0.5
0.4 0.5 0
0.4 0.5 1e-04
0.4 0.5 0.001
0.4 0.5 0.01
0.4 0.5 0.025
0.4 0.5 0.05
0.4 0.5 0.075
0.4 0.5 0.1
0.4 0.5 0.2
0.4 0.5 0.4
0.4 0.5 0.5
0.4 0.6 0
0.4 0.6 1e-04
0.4 0.6 0.001
0.4 0.6 0.01
0.4 0.6 0.025
0.4 0.6 0.05
0.4 0.6 0.075
0.4 0.6 0.1
0.4 0.6 0.2
0.4 0.6 0.4
0.4 0.6 0.5
0.4 0.7 0
0.4 0.7 1e-04
0.4 0.7 0.001
0.4 0.7 0.01
0.4 0.7 0.025
0.4 0.7 0.05
0.4 0.7 0.075
0.4 0.7 0.1
0.4 0.7 0.2
0.4 0.7 0.4
0.4 0.7 0.5
0.4 0.8 0
0.4 0.8 1e-04
0.4 0.8 0.001
0.4 0.8 0.01
0.4 0.8 0.025
0.4 0.8 0.05
0.4 0.8 0.075
0.4 0.8 0.1
0.4 0.8 0.2
0.4 0.8 0.4
0.4 0.8 0.5
0.4 0.9 0
0.4 0.9 1e-04
0.4 0.9 0.001
0.4 0.9 0.01
0.4 0.9 0.025
0.4 0.9 0.05
0.4 0.9 0.075
0.4 0.9 0.1
0.4 0.9 0.2
0.4 0.9 0.4
0.4 0.9 0.5
0.4 0.99 0
0.4 0.99 1e-04
0.4 0.99 0.001
0.4 0.99 0.01
0.4 0.99 0.025
0.4 0.99 0.05
0.4 0.99 0.075
0.4 0.99 0.1
0.4 0.99 0.2
0.4 0.99 0.4
0.4 0.99 0.5
0.4 1 0
0.4 1 1e-04
0.4 1 0.001
0.4 1 0.01
0.4 1 0.025
0.4 1 0.05
0.4 1 0.075
0.4 1 0.1
0.4 1 0.2
0.4 1 0.4
0.4 1 0.5
0.5 0.5 0
0.5 0.5 1e-04
0.5 0.5 0.001
0.5 0.5 0.01
0.5 0.5 0.025
0.5 0.5 0.05
0.5 0.5 0.075
0.5 0.5 0.1
0.5 0.5 0.2
0.5 0.5 0.4
0.5 0.5 0.5
0.5 0.6 0
0.5 0.6 1e-04
0.5 0.6 0.001
0.5 0.6 0.01
0.5 0.6 0.025
0.5 0.6 0.05
0.5 0.6 0.075
0.5 0.6 0.1
0.5 0.6 0.2
0.5 0.6 0.4
0.5 0.6 0.5
0.5 0.7 0
0.5 0.7 1e-04
0.5 0.7 0.001
0.5 0.7 0.01
0.5 0.7 0.025
0.5 0.7 0.05
0.5 0.7 0.075
0.5 0.7 0.1
0.5 0.7 0.2
0.5 0.7 0.4
0.5 0.7 0.5
0.5 0.8 0
0.5 0.8 1e-04
0.5 0.8 0.001
0.5 0.8 0.01
0.5 0.8 0.025
0.5 0.8 0.05
0.5 0.8 0.075
0.5 0.8 0.1
0.5 0.8 0.2
0.5 0.8 0.4
0.5 0.8 0.5
0.5 0.9 0
0.5 0.9 1e-04
0.5 0.9 0.001
0.5 0.9 0.01
0.5 0.9 0.025
0.5 0.9 0.05
0.5 0.9 0.075
0.5 0.9 0.1
0.5 0.9 0.2
0.5 0.9 0.4
0.5 0.9 0.5
0.5 0.99 0
0.5 0.99 1e-04
0.5 0.99 0.001
0.5 0.99 0.01
0.5 0.99 0.025
0.5 0.99 0.05
0.5 0.99 0.075
0.5 0.99 0.1
0.5 0.99 0.2
0.5 0.99 0.4
0.5 0.99 0.5
0.5 1 0
0.5 1 1e-04
0.5 1 0.001
0.5 1 0.01
0.5 1 0.025
0.5 1 0.05
0.5 1 0.075
0.5 1 0.1
0.5 1 0.2
0.5 1 0.4
0.5 1 0.5
0.6 0.5 0
0.6 0.5 1e-04
0.6 0.5 0.001
0.6 0.5 0.01
0.6 0.5 0.025
0.6 0.5 0.05
0.6 0.5 0.075
0.6 0.5 0.1
0.6 0.5 0.2
0.6 0.5 0.4
0.6 0.5 0.5
0.6 0.6 0
0.6 0.6 1e-04
0.6 0.6 0.001
0.6 0.6 0.01
0.6 0.6 0.025
0.6 0.6 0.05
0.6 0.6 0.075
0.6 0.6 0.1
0.6 0.6 0.2
0.6 0.6 0.4
0.6 0.6 0.5
0.6 0.7 0
0.6 0.7 1e-04
0.6 0.7 0.001
0.6 0.7 0.01
0.6 0.7 0.025
0.6 0.7 0.05
0.6 0.7 0.075
0.6 0.7 0.1
0.6 0.7 0.2
0.6 0.7 0.4
0.6 0.7 0.5
0.6 0.8 0
0.6 0.8 1e-04
0.6 0.8 0.001
0.6 0.8 0.01
0.6 0.8 0.025
0.6 0.8 0.05
0.6 0.8 0.075
0.6 0.8 0.1
0.6 0.8 0.2
0.6 0.8 0.4
0.6 0.8 0.5
0.6 0.9 0
0.6 0.9 1e-04
0.6 0.9 0.001
0.6 0.9 0.01
0.6 0.9 0.025
0.6 0.9 0.05
0.6 0.9 0.075
0.6 0.9 0.1
0.6 0.9 0.2
0.6 0.9 0.4
0.6 0.9 0.5
0.6 0.99 0
0.6 0.99 1e-04
0.6 0.99 0.001
0.6 0.99 0.01
0.6 0.99 0.025
0.6 0.99 0.05
0.6 0.99 0.075
0.6 0.99 0.1
0.6 0.99 0.2
0.6 0.99 0.4
0.6 0.99 0.5
0.6 1 0
0.6 1 1e-04
0.6 1 0.001
0.6 1 0.01
0.6 1 0.025
0.6 1 0.05
0.6 1 0.075
0.6 1 0.1
0.6 1 0.2
0.6 1 0.4
0.6 1 0.5
0.7 0.5 0
0.7 0.5 1e-04
0.7 0.5 0.001
0.7 0.5 0.01
0.7 0.5 0.025
0.7 0.5 0.05
0.7 0.5 0.075
0.7 0.5 0.1
0.7 0.5 0.2
0.7 0.5 0.4
0.7 0.5 0.5
0.7 0.6 0
0.7 0.6 1e-04
0.7 0.6 0.001
0.7 0.6 0.01
0.7 0.6 0.025
0.7 0.6 0.05
0.7 0.6 0.075
0.7 0.6 0.1
0.7 0.6 0.2
0.7 0.6 0.4
0.7 0.6 0.5
0.7 0.7 0
0.7 0.7 1e-04
0.7 0.7 0.001
0.7 0.7 0.01
0.7 0.7 0.025
0.7 0.7 0.05
0.7 0.7 0.075
0.7 0.7 0.1
0.7 0.7 0.2
0.7 0.7 0.4
0.7 0.7 0.5
0.7 0.8 0
0.7 0.8 1e-04
0.7 0.8 0.001
0.7 0.8 0.01
0.7 0.8 0.025
0.7 0.8 0.05
0.7 0.8 0.075
0.7 0.8 0.1
0.7 0.8 0.2
0.7 0.8 0.4
0.7 0.8 0.5
0.7 0.9 0
0.7 0.9 1e-04
0.7 0.9 0.001
0.7 0.9 0.01
0.7 0.9 0.025
0.7 0.9 0.05
0.7 0.9 0.075
0.7 0.9 0.1
0.7 0.9 0.2
0.7 0.9 0.4
0.7 0.9 0.5
0.7 0.99 0
0.7 0.99 1e-04
0.7 0.99 0.001
0.7 0.99 0.01
0.7 0.99 0.025
0.7 0.99 0.05
0.7 0.99 0.075
0.7 0.99 0.1
0.7 0.99 0.2
0.7 0.99 0.4
0.7 0.99 0.5
0.7 1 0
0.7 1 1e-04
0.7 1 0.001
0.7 1 0.01
0.7 1 0.025
0.7 1 0.05
0.7 1 0.075
0.7 1 0.1
0.7 1 0.2
0.7 1 0.4
0.7 1 0.5
0.8 0.5 0
0.8 0.5 1e-04
0.8 0.5 0.001
0.8 0.5 0.01
0.8 0.5 0.025
0.8 0.5 0.05
0.8 0.5 0.075
0.8 0.5 0.1
0.8 0.5 0.2
0.8 0.5 0.4
0.8 0.5 0.5
0.8 0.6 0
0.8 0.6 1e-04
0.8 0.6 0.001
0.8 0.6 0.01
0.8 0.6 0.025
0.8 0.6 0.05
0.8 0.6 0.075
0.8 0.6 0.1
0.8 0.6 0.2
0.8 0.6 0.4
0.8 0.6 0.5
0.8 0.7 0
0.8 0.7 1e-04
0.8 0.7 0.001
0.8 0.7 0.01
0.8 0.7 0.025
0.8 0.7 0.05
0.8 0.7 0.075
0.8 0.7 0.1
0.8 0.7 0.2
0.8 0.7 0.4
0.8 0.7 0.5
0.8 0.8 0
0.8 0.8 1e-04
0.8 0.8 0.001
0.8 0.8 0.01
0.8 0.8 0.025
0.8 0.8 0.05
0.8 0.8 0.075
0.8 0.8 0.1
0.8 0.8 0.2
0.8 0.8 0.4
0.8 0.8 0.5
0.8 0.9 0
0.8 0.9 1e-04
0.8 0.9 0.001
0.8 0.9 0.01
0.8 0.9 0.025
0.8 0.9 0.05
0.8 0.9 0.075
0.8 0.9 0.1
0.8 0.9 0.2
0.8 0.9 0.4
0.8 0.9 0.5
0.8 0.99 0
0.8 0.99 1e-04
0.8 0.99 0.001
0.8 0.99 0.01
0.8 0.99 0.025
0.8 0.99 0.05
0.8 0.99 0.075
0.8 0.99 0.1
0.8 0.99 0.2
0.8 0.99 0.4
0.8 0.99 0.5
0.8 1 0
0.8 1 1e-04
0.8 1 0.001
0.8 1 0.01
0.8 1 0.025
0.8 1 0.05
0.8 1 0.075
0.8 1 0.1
0.8 1 0.2
0.8 1 0.4
0.8 1 0.5
0.9 0.5 0
0.9 0.5 1e-04
0.9 0.5 0.001
0.9 0.5 0.01
0.9 0.5 0.025
0.9 0.5 0.05
0.9 0.5 0.075
0.9 0.5 0.1
0.9 0.5 0.2
0.9 0.5 0.4
0.9 0.5 0.5
0.9 0.6 0
0.9 0.6 1e-04
0.9 0.6 0.001
0.9 0.6 0.01
0.9 0.6 0.025
0.9 0.6 0.05
0.9 0.6 0.075
0.9 0.6 0.1
0.9 0.6 0.2
0.9 0.6 0.4
0.9 0.6 0.5
0.9 0.7 0
0.9 0.7 1e-04
0.9 0.7 0.001
0.9 0.7 0.01
0.9 0.7 0.025
0.9 0.7 0.05
0.9 0.7 0.075
0.9 0.7 0.1
0.9 0.7 0.2
0.9 0.7 0.4
0.9 0.7 0.5
0.9 0.8 0
0.9 0.8 1e-04
0.9 0.8 0.001
0.9 0.8 0.01
0.9 0.8 0.025
0.9 0.8 0.05
0.9 0.8 0.075
0.9 0.8 0.1
0.9 0.8 0.2
0.9 0.8 0.4
0.9 0.8 0.5
0.9 0.9 0
0.9 0.9 1e-04
0.9 0.9 0.001
0.9 0.9 0.01
0.9 0.9 0.025
0.9 0.9 0.05
0.9 0.9 0.075
0.9 0.9 0.1
0.9 0.9 0.2
0.9 0.9 0.4
0.9 0.9 0.5
0.9 0.99 0
0.9 0.99 1e-04
0.9 0.99 0.001
0.9 0.99 0.01
0.9 0.99 0.025
0.9 0.99 0.05
0.9 0.99 0.075
0.9 0.99 0.1
0.9 0.99 0.2
0.9 0.99 0.4
0.9 0.99 0.5
0.9 1 0
0.9 1 1e-04
0.9 1 0.001
0.9 1 0.01
0.9 1 0.025
0.9 1 0.05
0.9 1 0.075
0.9 1 0.1
0.9 1 0.2
0.9 1 0.4
0.9 1 0.5
1 0.5 0
1 0.5 1e-04
1 0.5 0.001
1 0.5 0.01
1 0.5 0.025
1 0.5 0.05
1 0.5 0.075
1 0.5 0.1
1 0.5 0.2
1 0.5 0.4
1 0.5 0.5
1 0.6 0
1 0.6 1e-04
1 0.6 0.001
1 0.6 0.01
1 0.6 0.025
1 0.6 0.05
1 0.6 0.075
1 0.6 0.1
1 0.6 0.2
1 0.6 0.4
1 0.6 0.5
1 0.7 0
1 0.7 1e-04
1 0.7 0.001
1 0.7 0.01
1 0.7 0.025
1 0.7 0.05
1 0.7 0.075
1 0.7 0.1
1 0.7 0.2
1 0.7 0.4
1 0.7 0.5
1 0.8 0
1 0.8 1e-04
1 0.8 0.001
1 0.8 0.01
1 0.8 0.025
1 0.8 0.05
1 0.8 0.075
1 0.8 0.1
1 0.8 0.2
1 0.8 0.4
1 0.8 0.5
1 0.9 0
1 0.9 1e-04
1 0.9 0.001
1 0.9 0.01
1 0.9 0.025
1 0.9 0.05
1 0.9 0.075
1 0.9 0.1
1 0.9 0.2
1 0.9 0.4
1 0.9 0.5
1 0.99 0
1 0.99 1e-04
1 0.99 0.001
1 0.99 0.01
1 0.99 0.025
1 0.99 0.05
1 0.99 0.075
1 0.99 0.1
1 0.99 0.2
1 0.99 0.4
1 0.99 0.5
1 1 0
1 1 1e-04
1 1 0.001
1 1 0.01
1 1 0.025
1 1 0.05
1 1 0.075
1 1 0.1
1 1 0.2
1 1 0.4
1 1 0.5
